================================================================
  Coordinate sparse matrix 
1 right hand sides
N	    trips	total	    avg	        Gflops
64	    262148	3.77649e-07	1.4406e-12	1.52522
256	    16388	1.58653e-06	9.68103e-11	1.53291
1024	1028	5.83658e-06	5.6776e-09	1.71059
4096	68	    1.47059e-05	2.16263e-07	2.75046
16384	8	    0.000125	1.5625e-05	1.30253
65536	4	    0.00075 	0.0001875	0.871083
262144	4	    0.0045  	0.001125	0.581632
1048576	4	    0.01875 	0.0046875	0.558804
4194304	4	    0.097   	0.02425 	0.432234
4 right hand sides
N	    trips	total	    avg	        Gflops
64	    262148	1.46482e-06	5.58776e-12	1.57289
256	    16388	6.34611e-06	3.87241e-10	1.53291
1024	1028	3.01556e-05	2.93343e-08	1.32433
4096	68  	0.000132353	1.94637e-06	1.22243
16384	8   	0.0005  	6.25e-05	1.30253
65536	4   	0.00375 	0.0009375	0.696866
262144	4   	0.02225 	0.0055625	0.470534
1048576	4   	0.09625 	0.0240625	0.435431
4194304	4   	0.485   	0.12125 	0.345787
16 right hand sides
N	    trips	total	    avg	        Gflops
64	    262148	5.98898e-06	2.28458e-11	1.53883
256	    16388	3.25848e-05	1.98833e-09	1.19418
1024	1028	0.000156615	1.52349e-07	1.01998
4096	68  	0.000676471	9.9481e-06	0.956683
16384	8   	0.003125	0.000390625	0.833618
65536	4   	0.0325  	0.008125	0.321631
262144	4   	0.15275 	0.0381875	0.274157
1048576	4   	0.66775 	0.166937	0.251054
4194304	4   	2.74675 	0.686688	0.244226
64 right hand sides
N	    trips	total	    avg	        Gflops
64	    262148	2.9613e-05	1.12963e-10	1.24486
256	    16388	0.00014053	8.57516e-09	1.10758
1024	1028	0.000655642	6.37784e-07	0.974581
4096	68  	0.00316176	4.64965e-05	0.818743
16384	8   	0.02325 	0.00290625	0.448182
65536	4   	0.1375  	0.034375	0.304087
262144	4   	0.6295  	0.157375	0.2661
1048576	4   	2.73175 	0.682937	0.245471
4194304	4   	11.6753 	2.91881 	0.229829
================================================================
  Compressed sparse row matrix 
1 right hand sides
N	    trips	total	    avg	        Gflops
64	    262148	3.31874e-07	1.26598e-12	1.7356
256	    16388	1.40347e-06	8.56399e-11	1.73285
1024	1028	5.83658e-06	5.6776e-09	1.71059
4096	68	    1.47059e-05	2.16263e-07	2.75046
16384	8	    10000   	1250    	1.62816e-08
65536	4	    0.0005  	0.000125	1.30662
262144	4	    0.00325 	0.0008125	0.805337
1048576	4   	0.01575 	0.0039375	0.665242
4194304	4   	0.081   	0.02025 	0.517613
4 right hand sides
N	    trips	total	    avg	        Gflops
64	    262148	1.33894e-06	5.10757e-12	1.72077
256	    16388	5.97999e-06	3.649e-10	1.62676
1024	1028	2.82101e-05	2.74417e-08	1.41566
4096	68  	0.000117647	1.7301e-06	1.37523
16384	8   	0.0005  	6.25e-05	1.30253
65536	4   	0.00325 	0.0008125	0.804076
262144	4   	0.02025 	0.0050625	0.517006
1048576	4   	0.082   	0.0205	    0.511101
4194304	4   	0.4125  	0.103125	0.406562
16 right hand sides
N	    trips	total	    avg	        Gflops
64	    262148	5.30235e-06	2.02265e-11	1.7381
256	    16388	3.07542e-05	1.87663e-09	1.26526
1024	1028	0.000149805	1.45725e-07	1.06634
4096	68  	0.000647059	9.51557e-06	1.00017
16384	8   	0.002875	0.000359375	0.906106
65536	4   	0.029   	0.00725 	0.360448
262144	4   	0.13825 	0.0345625	0.302911
1048576	4   	0.57275 	0.143187	0.292695
4194304	4   	2.555   	0.63875 	0.262554
64 right hand sides
N	    trips	total	    avg	        Gflops
64	    262148	2.7473e-05	1.048e-10	1.34183
256	    16388	0.000133878	8.1693e-09	1.16261
1024	1028	0.000624514	6.07504e-07	1.02316
4096	68  	0.00261765	3.84948e-05	0.988931
16384	8   	0.022   	0.00275 	0.473647
65536	4   	0.129   	0.03225 	0.324124
262144	4   	0.58825 	0.147063	0.28476
1048576	4   	2.44075 	0.610187	0.274737
4194304	4   	11.1323 	2.78306 	0.241039
================================================================
  Compressed sparse column matrix 
1 right hand sides
N	    trips	total	    avg	        Gflops
64	    262148	4.04352e-07	1.54246e-12	1.4245
256	    16388	1.76959e-06	1.07981e-10	1.37433
1024	1028	7.7821e-06	7.57014e-09	1.28294
4096	68  	2.94118e-05	4.32526e-07	1.37523
16384	8   	0.000125	1.5625e-05	1.30253
65536	4   	0.0005  	0.000125	1.30662
262144	4   	0.0035  	0.000875	0.747813
1048576	4   	0.017   	0.00425 	0.616328
4194304	4   	0.087   	0.02175 	0.481916
4 right hand sides
N	    trips	total	    avg	        Gflops
64	    262148	1.62504e-06	6.19893e-12	1.41781
256	    16388	7.56651e-06	4.61711e-10	1.28567
1024	1028	3.50195e-05	3.40656e-08	1.14039
4096	68  	0.000147059	2.16263e-06	1.10019
16384	8   	0.000625	7.8125e-05	1.04202
65536	4   	0.00375 	0.0009375	0.696866
262144	4   	0.02075 	0.0051875	0.504548
1048576	4   	0.0875  	0.021875	0.478975
4194304	4	    0.4325  	0.108125	0.387761
16 right hand sides
N	    trips	total	    avg	        Gflops
64	    262148	6.62221e-06	2.52614e-11	1.39168
256	    16388	3.81987e-05	2.33089e-09	1.01867
1024	1028	0.000178016	1.73167e-07	0.89736
4096	68  	0.000779412	1.14619e-05	0.830329
16384	8   	0.003625	0.000453125	0.718636
65536	4   	0.03275 	0.0081875	0.319175
262144	4   	0.14325  	0.0358125	0.292339
1048576	4   	0.5895  	0.147375	0.284378
4194304	4   	2.60925	    0.652312	0.257096
64 right hand sides
N	    trips	total	    avg	        Gflops
64  	262148	3.24969e-05	1.23964e-10	1.13438
256 	16388	0.000153588	9.37198e-09	1.01341
1024	1028	0.000727626	7.07808e-07	0.878165
4096	68  	0.00310294	4.56315e-05	0.834264
16384	8   	0.02525 	0.00315625	0.412682
65536	4   	0.1365  	0.034125	0.306315
262144	4   	0.59925 	0.149812	0.279533
1048576	4   	2.4605  	0.615125	0.272532
4194304	4   	11.1165 	2.77913	    0.24138
================================================================
  Array of Structs sparse matrix 
1 right hand sides
N	    trips	total	    avg	        Gflops
64	    262148	3.73835e-07	1.42604e-12	1.54079
256	    16388	1.58653e-06	9.68103e-11	1.53291
1024	1028	6.80934e-06	6.62387e-09	1.46622
4096	68  	2.94118e-05	4.32526e-07	1.37523
16384	8   	0.000125	1.5625e-05	1.30253
65536	4   	0.00075 	0.0001875	0.871083
262144	4   	0.0045  	0.001125	0.581632
1048576	4   	0.02    	0.005	    0.523878
4194304	4   	0.1005  	0.025125	0.417181
4 right hand sides
N	    trips	total	    avg	        Gflops
64	    262148	1.48771e-06	5.67507e-12	1.54869
256	    16388	6.77325e-06	4.13305e-10	1.43624
1024	1028	3.01556e-05	2.93343e-08	1.32433
4096	68  	0.000132353	1.94637e-06	1.22243
16384	8   	0.000625	7.8125e-05	1.04202
65536	4   	0.004   	0.001   	0.653312
262144	4   	0.02375 	0.0059375	0.440816
1048576	4   	0.102   	0.0255	    0.410885
4194304	4    	0.48475 	0.121188	0.345965
16 right hand sides
N	    trips	total	    avg	        Gflops
64	    262148	6.02332e-06	2.29768e-11	1.53005
256	    16388	3.48426e-05	2.1261e-09	1.11679
1024	1028	0.000160506	1.56134e-07	0.995254
4096	68	    0.000691176	1.01644e-05	0.936328
16384	8	    0.003625	0.000453125	0.718636
65536	4   	0.03225 	0.0080625	0.324124
262144	4   	0.15525 	0.0388125	0.269742
1048576	4   	0.617   	0.15425 	0.271704
4194304	4   	2.81875 	0.704688	0.237987
64 right hand sides
N	    trips	total	    avg	        Gflops
64	    262148	2.98267e-05	1.13778e-10	1.23594
256	    16388	0.000150171	9.16346e-09	1.03647
1024	1028	0.000671206	6.52924e-07	0.951982
4096	68  	0.00286765	4.21713e-05	0.902716
16384	8   	0.024875	0.00310938	0.418903
65536	4   	0.13925 	0.0348125	0.300265
262144	4   	0.642   	0.1605  	0.260919
1048576	4   	2.755   	0.68875 	0.243399
4194304	4   	11.9488 	2.98719 	0.224568
