================================================================
  Coordinate sparse matrix 
N	    trips	total	    avg	        Gflops
64	    262148	2.78469e-07	1.06226e-12	2.06846
256	    16388	1.15938e-06	7.0746e-11	2.09766
1024	1028	4.86381e-06	4.73134e-09	2.05271
4096	68	    1.47059e-05	2.16263e-07	2.75046
16384	8	    10000	    1250	    1.62816e-08
65536	4	    0.0005	    0.000125	1.30662
262144	4	    0.00325	    0.0008125	0.805337
1048576	4	    0.0135	    0.003375	0.776116
4194304	4	    0.0565	    0.014125	0.742065
================================================================
  Compressed sparse row matrix 
N	    trips	total	    avg	        Gflops
64	    262148	1.94547e-07	7.42125e-13	2.96073
256	    16388	7.93263e-07	4.84051e-11	3.06582
1024	1028	3.89105e-06	3.78507e-09	2.56589
4096	68	    1.47059e-05	2.16263e-07	2.75046
16384	8	    10000	    1250	    1.62816e-08
65536	4	    0.00025	    6.25e-05	2.61325
262144	4	    0.0025	    0.000625	1.04694
1048576	4	    0.00975	    0.0024375	1.07462
4194304	4	    0.0405	    0.010125	1.03523
================================================================
  Compressed sparse column matrix 
N	    trips	total	    avg	        Gflops
64	    262148	2.70839e-07	1.03315e-12	2.12672
256	    16388	1.09836e-06	6.70225e-11	2.2142
1024	1028	5.83658e-06	5.6776e-09	1.71059
4096	68	    1.47059e-05	2.16263e-07	2.75046
16384	8	    10000	    1250	    1.62816e-08
65536	4	    0.0005	    0.000125	1.30662
262144	4	    0.00275	    0.0006875	0.951761
1048576	4	    0.011	    0.00275	    0.952506
4194304	4	    0.04125	    0.0103125	1.0164
================================================================
  Array of Structs sparse matrix 
N	    trips	total	    avg	        Gflops
64	    262148	2.78469e-07	1.06226e-12	2.06846
256	    16388	1.22041e-06	7.44694e-11	1.99278
1024	1028	4.86381e-06	4.73134e-09	2.05271
4096	68	    1.47059e-05	2.16263e-07	2.75046
16384	8	    10000	    1250	    1.62816e-08
65536	4	    0.0005	    0.000125	1.30662
262144	4	    0.0035	    0.000875	0.747813
1048576	4	    0.0145	    0.003625	0.722591
4194304	4	    0.059	    0.01475	    0.710621
