================================================================
matvec_time.exe results:
================================================================
  Coordinate sparse matrix 
N       trips   total   avg     Gflops
64      262148  3.31874e-07     1.26598e-12     1.7356
256     16388   1.40347e-06     8.56399e-11     1.73285
1024    1028    5.83658e-06     5.6776e-09      1.71059
4096    68      1.47059e-05     2.16263e-07     2.75046
16384   8       10000   1250    1.62816e-08
65536   4       0.00075 0.0001875       0.871083
262144  4       0.0035  0.000875        0.747813
1048576 4       0.01375 0.0034375       0.762005
4194304 4       0.07475 0.0186875       0.560892
================================================================
  Compressed sparse row matrix 
N       trips   total   avg     Gflops
64      262148  2.70839e-07     1.03315e-12     2.12672
256     16388   1.09836e-06     6.70225e-11     2.2142
1024    1028    4.86381e-06     4.73134e-09     2.05271
4096    68      1.47059e-05     2.16263e-07     2.75046
16384   8       0.000375        4.6875e-05      0.434176
65536   4       0.0015  0.000375        0.435541
262144  4       0.0045  0.001125        0.581632
1048576 4       0.0175  0.004375        0.598718
4194304 4       0.0415  0.010375        1.01028
================================================================
  Compressed sparse column matrix 
N       trips   total   avg     Gflops
64      262148  2.70839e-07     1.03315e-12     2.12672
256     16388   1.03734e-06     6.3299e-11      2.34445
1024    1028    4.86381e-06     4.73134e-09     2.05271
4096    68      1.47059e-05     2.16263e-07     2.75046
16384   8       10000   1250    1.62816e-08
65536   4       0.00075 0.0001875       0.871083
262144  4       0.0025  0.000625        1.04694
1048576 4       0.0105  0.002625        0.997864
4194304 4       0.04925 0.0123125       0.851303
================================================================
  Array of Structs sparse matrix 
N       trips   total   avg     Gflops
64      262148  4.23425e-07     1.61521e-12     1.36034
256     16388   1.52551e-06     9.30868e-11     1.59422
1024    1028    5.83658e-06     5.6776e-09      1.71059
4096    68      1.47059e-05     2.16263e-07     2.75046
16384   8       0.000125        1.5625e-05      1.30253
65536   4       0.001   0.00025 0.653312
262144  4       0.0035  0.000875        0.747813
1048576 4       0.02725 0.0068125       0.384498
4194304 4       0.10675 0.0266875       0.392756
================================================================
matmat_time.exe results:
================================================================
  Coordinate sparse matrix 
1 right hand sides
N       trips   total   avg     Gflops
64      262148  4.73015e-07     1.80438e-12     1.21772
256     16388   2.50183e-06     1.52662e-10     0.972088
1024    1028    1.07004e-05     1.04089e-08     0.93305
4096    68      4.41176e-05     6.48789e-07     0.916821
16384   8       0.0005  6.25e-05        0.325632
65536   4       0.002   0.0005  0.326656
262144  4       0.007   0.00175 0.373906
1048576 4       0.03875 0.0096875       0.270389
4194304 4       0.17775 0.0444375       0.235874
4 right hand sides
N       trips   total   avg     Gflops
64      262148  1.99887e-06     7.62497e-12     1.15265
256     16388   9.6412e-06      5.88309e-10     1.009
1024    1028    3.89105e-05     3.78507e-08     1.02636
4096    68      0.000176471     2.59516e-06     0.916821
16384   8       0.001875        0.000234375     0.347341
65536   4       0.0085  0.002125        0.307441
262144  4       0.0435  0.010875        0.240675
1048576 4       0.184   0.046   0.227773
4194304 4       0.891   0.22275 0.188223
16 right hand sides
N       trips   total   avg     Gflops
64      262148  7.31648e-06     2.79097e-11     1.25962
256     16388   3.77715e-05     2.30483e-09     1.03019
1024    1028    0.000180934     1.76006e-07     0.882886
4096    68      0.000779412     1.14619e-05     0.830329
16384   8       0.004375        0.000546875     0.595441
65536   4       0.035   0.00875 0.298657
262144  4       0.20325 0.0508125       0.206039
1048576 4       0.909   0.22725 0.184424
4194304 4       4.0225  1.00562 0.166769
64 right hand sides
N       trips   total   avg     Gflops
64      262148  4.71032e-05     1.79682e-10     0.782623
256     16388   0.000234806     1.43279e-08     0.662879
1024    1028    0.00116634      1.13457e-06     0.547846
4096    68      0.00558824      8.21799e-05     0.463236
16384   8       0.03975 0.00496875      0.262144
65536   4       0.19225 0.0480625       0.217487
262144  4       0.8645  0.216125        0.193765
1048576 4       4.2495  1.06238 0.157798
4194304 4       16.7568 4.18919 0.160133
================================================================
  Compressed sparse row matrix 
1 right hand sides
N       trips   total   avg     Gflops
64      262148  4.00537e-07     1.5279e-12      1.43807
256     16388   1.52551e-06     9.30868e-11     1.59422
1024    1028    6.80934e-06     6.62387e-09     1.46622
4096    68      2.94118e-05     4.32526e-07     1.37523
16384   8       0.000125        1.5625e-05      1.30253
65536   4       0.001   0.00025 0.653312
262144  4       0.00325 0.0008125       0.805337
1048576 4       0.017   0.00425 0.616328
4194304 4       0.09175 0.0229375       0.456966
4 right hand sides
N       trips   total   avg     Gflops
64      262148  1.45338e-06     5.54411e-12     1.58527
256     16388   6.59019e-06     4.02135e-10     1.47613
1024    1028    3.11284e-05     3.02805e-08     1.28294
4096    68      0.000132353     1.94637e-06     1.22243
16384   8       0.001   0.000125        0.651264
65536   4       0.0045  0.001125        0.580722
262144  4       0.019   0.00475 0.55102
1048576 4       0.09225 0.0230625       0.454312
4194304 4       0.477   0.11925 0.351586
16 right hand sides
N       trips   total   avg     Gflops
64      262148  5.7601e-06      2.19727e-11     1.59997
256     16388   3.36832e-05     2.05536e-09     1.15524
1024    1028    0.000162451     1.58027e-07     0.983334
4096    68      0.000779412     1.14619e-05     0.830329
16384   8       0.004375        0.000546875     0.595441
65536   4       0.0345  0.008625        0.302985
262144  4       0.16375 0.0409375       0.25574
1048576 4       0.68275 0.170687        0.245538
4194304 4       3.27325 0.818312        0.204942
64 right hand sides
N       trips   total   avg     Gflops
64      262148  3.08642e-05     1.17736e-10     1.19439
256     16388   0.000146815     8.95867e-09     1.06017
1024    1028    0.000794747     7.731e-07       0.803999
4096    68      0.00355882      5.23356e-05     0.727395
16384   8       0.035875        0.00448437      0.290459
65536   4       0.189   0.04725 0.221227
262144  4       0.827   0.20675 0.202551
1048576 4       3.367   0.84175 0.199158
4194304 4       15.5478 3.88694 0.172585
================================================================
  Compressed sparse column matrix 
1 right hand sides
N       trips   total   avg     Gflops
64      262148  4.00537e-07     1.5279e-12      1.43807
256     16388   1.83061e-06     1.11704e-10     1.32852
1024    1028    6.80934e-06     6.62387e-09     1.46622
4096    68      1.47059e-05     2.16263e-07     2.75046
16384   8       0.000125        1.5625e-05      1.30253
65536   4       0.001   0.00025 0.653312
262144  4       0.0035  0.000875        0.747813
1048576 4       0.0175  0.004375        0.598718
4194304 4       0.09675 0.0241875       0.43335
4 right hand sides
N       trips   total   avg     Gflops
64      262148  1.57163e-06     5.99521e-12     1.46599
256     16388   7.81059e-06     4.76604e-10     1.24549
1024    1028    3.01556e-05     2.93343e-08     1.32433
4096    68      0.000117647     1.7301e-06      1.37523
16384   8       0.000875        0.000109375     0.744302
65536   4       0.0045  0.001125        0.580722
262144  4       0.02025 0.0050625       0.517006
1048576 4       0.0965  0.024125        0.434303
4194304 4       0.50275 0.125688        0.333579
16 right hand sides
N       trips   total   avg     Gflops
64      262148  6.31323e-06     2.40827e-11     1.45979
256     16388   3.21577e-05     1.96227e-09     1.21004
1024    1028    0.000162451     1.58027e-07     0.983334
4096    68      0.000735294     1.08131e-05     0.880148
16384   8       0.004   0.0005  0.651264
65536   4       0.03325 0.0083125       0.314376
262144  4       0.1725  0.043125        0.242768
1048576 4       0.71975 0.179938        0.232916
4194304 4       3.59625 0.899062        0.186535
64 right hand sides
N       trips   total   avg     Gflops
64      262148  3.23329e-05     1.23338e-10     1.14014
256     16388   0.000156151     9.52836e-09     0.99678
1024    1028    0.000786965     7.6553e-07      0.81195
4096    68      0.00347059      5.10381e-05     0.745889
16384   8       0.037125        0.00464062      0.280679
65536   4       0.1905  0.047625        0.219485
262144  4       0.86575 0.216438        0.193485
1048576 4       3.54075 0.885188        0.189385
4194304 4       16.275  4.06875 0.164873
================================================================
  Array of Structs sparse matrix 
1 right hand sides
N       trips   total   avg     Gflops
64      262148  4.34869e-07     1.65887e-12     1.32454
256     16388   1.83061e-06     1.11704e-10     1.32852
1024    1028    7.7821e-06      7.57014e-09     1.28294
4096    68      2.94118e-05     4.32526e-07     1.37523
16384   8       0.000125        1.5625e-05      1.30253
65536   4       0.001   0.00025 0.653312
262144  4       0.004   0.001   0.654336
1048576 4       0.01975 0.0049375       0.53051
4194304 4       0.10425 0.0260625       0.402174
4 right hand sides
N       trips   total   avg     Gflops
64      262148  1.75092e-06     6.67913e-12     1.31588
256     16388   7.81059e-06     4.76604e-10     1.24549
1024    1028    3.50195e-05     3.40656e-08     1.14039
4096    68      0.000132353     1.94637e-06     1.22243
16384   8       0.001125        0.000140625     0.578901
65536   4       0.00525 0.0013125       0.497762
262144  4       0.022   0.0055  0.475881
1048576 4       0.10425 0.0260625       0.402017
4194304 4       0.525   0.13125 0.319441
16 right hand sides
N       trips   total   avg     Gflops
64      262148  6.9579e-06      2.65419e-11     1.32454
256     16388   3.53307e-05     2.15589e-09     1.10136
1024    1028    0.00017607      1.71274e-07     0.907275
4096    68      0.000794118     1.16782e-05     0.814952
16384   8       0.004375        0.000546875     0.595441
65536   4       0.03725 0.0093125       0.280617
262144  4       0.1825  0.045625        0.229466
1048576 4       0.74125 0.185312        0.22616
4194304 4       3.535   0.88375 0.189767
64 right hand sides
N       trips   total   avg     Gflops
64      262148  3.36184e-05     1.28242e-10     1.09654
256     16388   0.000171101     1.04406e-08     0.909686
1024    1028    0.000857004     8.33661e-07     0.745593
4096    68      0.00377941      5.55796e-05     0.68494
16384   8       0.03875 0.00484375      0.268909
65536   4       0.203   0.05075 0.20597
262144  4       0.89175 0.222938        0.187844
1048576 4       3.62    0.905   0.185239
4194304 4       16.5858 4.14644 0.161784
